CTAG 0.402017,0.204611,0.134006,0.093660,0.051873,0.025937,0.023055,0.028818,0.021614,0.014409
TTGA 0.488000,0.240000,0.112000,0.036000,0.040000,0.016000,0.020000,0.024000,0.016000,0.008000
TTTT 0.392054,0.209145,0.134183,0.089955,0.053973,0.035982,0.030735,0.022489,0.012744,0.018741
TGTC 0.435272,0.229831,0.105066,0.075985,0.044090,0.043152,0.020638,0.020638,0.011257,0.014071
CTCA 0.501256,0.194724,0.110553,0.061558,0.037688,0.031407,0.015075,0.012563,0.018844,0.016332
TTGC 0.429119,0.183908,0.164751,0.057471,0.057471,0.026820,0.019157,0.015326,0.026820,0.019157
TGAG 0.417391,0.202899,0.107246,0.089855,0.068116,0.033333,0.033333,0.024638,0.010145,0.013043
CTCC 0.414223,0.201613,0.126833,0.098240,0.051320,0.031525,0.028592,0.019062,0.016862,0.011730
CTTG 0.520690,0.196552,0.093103,0.068965,0.041379,0.031034,0.020690,0.010345,0.010345,0.006897
TGCA 0.500000,0.177083,0.083333,0.093750,0.041667,0.031250,0.041667,0.010417,0.010417,0.010417
TGTG 0.478964,0.236246,0.106796,0.048544,0.045307,0.012945,0.022654,0.006472,0.019418,0.022654
TTCT 0.409466,0.208858,0.129396,0.070343,0.047330,0.038645,0.027356,0.027790,0.023448,0.017369
TGCC 0.377510,0.265060,0.124498,0.074297,0.046185,0.030121,0.030121,0.026104,0.016064,0.010040
TTGG 0.401709,0.260684,0.094017,0.055556,0.064103,0.034188,0.042735,0.017094,0.017094,0.012821
CTCG 0.453222,0.176715,0.128898,0.081081,0.045738,0.041580,0.035343,0.008316,0.018711,0.010395
TGCG 0.542857,0.180952,0.104762,0.057143,0.019048,0.019048,0.019048,0.028571,0.009524,0.019048
CAGT 0.412229,0.201183,0.151874,0.053254,0.039448,0.055227,0.025641,0.029586,0.013807,0.017751
TCAA 0.514493,0.195652,0.094203,0.057971,0.036232,0.028986,0.021739,0.028986,0.021739,0.000000
CGAA 0.426056,0.204225,0.123239,0.073944,0.031690,0.052817,0.014084,0.038732,0.017606,0.017606
AAAA 0.436435,0.217562,0.132372,0.066841,0.052425,0.022281,0.020970,0.018349,0.018349,0.014417
CTAT 0.461735,0.186224,0.122449,0.076531,0.061225,0.035714,0.020408,0.007653,0.015306,0.012755
CGAC 0.432039,0.199029,0.092233,0.106796,0.053398,0.043689,0.033981,0.024272,0.004854,0.009709
TCAC 0.395604,0.239560,0.140659,0.090110,0.035165,0.039560,0.019780,0.024176,0.008791,0.006593
TCTA 0.487965,0.218818,0.131291,0.048140,0.039387,0.017506,0.015317,0.015317,0.017506,0.008753
CGTA 0.577061,0.164875,0.111111,0.046595,0.035842,0.014337,0.014337,0.014337,0.007168,0.014337
AAAC 0.498834,0.202214,0.107226,0.054779,0.040210,0.029138,0.023310,0.018065,0.015734,0.010490
AATA 0.486880,0.244898,0.084548,0.058309,0.032070,0.017493,0.020408,0.029154,0.011662,0.014577
CTGA 0.504690,0.204503,0.105066,0.046904,0.045028,0.035647,0.018762,0.016886,0.016886,0.005629
TGAT 0.434146,0.253659,0.126829,0.053658,0.043902,0.043902,0.014634,0.004878,0.019512,0.004878
CGTC 0.300000,0.268750,0.112500,0.131250,0.043750,0.068750,0.031250,0.012500,0.012500,0.018750
TCTC 0.381518,0.200085,0.127596,0.080543,0.052141,0.043663,0.038576,0.035184,0.025011,0.015685
CTTT 0.427505,0.212154,0.109808,0.078891,0.056503,0.036247,0.018124,0.025586,0.015991,0.019190
CTGC 0.429878,0.256098,0.134146,0.057927,0.048780,0.027439,0.018293,0.009146,0.015244,0.003049
TCAG 0.400810,0.222672,0.144399,0.064777,0.044534,0.035088,0.031039,0.024292,0.014845,0.017544
CGAG 0.415470,0.255249,0.118232,0.078453,0.060774,0.025414,0.019890,0.008840,0.011050,0.006630
TGGA 0.459397,0.215777,0.090487,0.083527,0.046404,0.030162,0.025522,0.027842,0.013921,0.006961
AATC 0.547619,0.190476,0.095238,0.047619,0.023810,0.023810,0.000000,0.000000,0.023810,0.047619
AAAG 0.514742,0.181818,0.095823,0.072482,0.044226,0.029484,0.018427,0.020885,0.008600,0.013513
CGCA 0.543307,0.173228,0.086614,0.062992,0.015748,0.031496,0.015748,0.031496,0.007874,0.031496
TGTT 0.399094,0.238034,0.118370,0.083441,0.045925,0.031695,0.029754,0.021345,0.024580,0.007762
TCCA 0.488067,0.207637,0.087112,0.060859,0.044153,0.038186,0.021480,0.020286,0.019093,0.013126
AACA 0.520767,0.199681,0.105431,0.052716,0.035144,0.027955,0.014377,0.012780,0.013578,0.017572
TGGC 0.399083,0.220183,0.105505,0.059633,0.087156,0.032110,0.027523,0.018349,0.027523,0.022936
TTGT 0.508571,0.174286,0.117143,0.065714,0.034286,0.037143,0.025714,0.017143,0.002857,0.017143
CGTG 0.474699,0.226506,0.110843,0.060241,0.045783,0.026506,0.019277,0.016868,0.012048,0.007229
CTCT 0.393223,0.237195,0.138692,0.072498,0.046493,0.040189,0.018125,0.020489,0.012608,0.020489
TCTG 0.476190,0.211310,0.090774,0.069941,0.046131,0.038691,0.022321,0.020833,0.013393,0.010417
CGCC 0.390658,0.214437,0.125265,0.095541,0.055202,0.042463,0.025478,0.019108,0.016985,0.014862
TCCC 0.377794,0.227830,0.136265,0.080029,0.057678,0.040375,0.028118,0.023071,0.014420,0.014420
AACC 0.461485,0.198473,0.117974,0.073560,0.046496,0.029840,0.025677,0.022901,0.009022,0.014573
CTGG 0.442270,0.201566,0.121331,0.072407,0.058708,0.033268,0.025440,0.019570,0.011742,0.013699
AATG 0.453988,0.208589,0.113497,0.055215,0.070552,0.024540,0.030675,0.018405,0.012270,0.012270
TGCT 0.439539,0.238004,0.111324,0.069098,0.053743,0.032630,0.019194,0.019194,0.009597,0.007678
TGGG 0.451923,0.194712,0.144231,0.050481,0.045673,0.038462,0.024039,0.019231,0.028846,0.002404
CGCG 0.436548,0.233503,0.121827,0.081218,0.015228,0.020305,0.035533,0.015228,0.020305,0.020305
TCCG 0.396341,0.216463,0.097561,0.079268,0.070122,0.030488,0.042683,0.024390,0.030488,0.012195
AACG 0.487544,0.220641,0.092527,0.053381,0.042705,0.014235,0.021352,0.032029,0.021352,0.014235
CCAA 0.551546,0.190722,0.103093,0.046392,0.041237,0.010309,0.015464,0.010309,0.025773,0.005155
CCAC 0.395161,0.225806,0.137097,0.120968,0.036290,0.020161,0.020161,0.008065,0.028226,0.008065
CCTA 0.567921,0.176759,0.067103,0.057283,0.050736,0.027823,0.021277,0.008183,0.009820,0.013093
GAAA 0.406695,0.203347,0.136402,0.092050,0.051883,0.039330,0.019247,0.017573,0.018410,0.015063
CGAT 0.375000,0.236486,0.138514,0.084460,0.040541,0.047297,0.050676,0.010135,0.010135,0.006757
TCAT 0.440708,0.205310,0.102655,0.095575,0.056637,0.023009,0.030089,0.017699,0.017699,0.010620
AAAT 0.493506,0.200577,0.124098,0.057720,0.028860,0.036075,0.021645,0.012987,0.010101,0.014430
CCTC 0.376385,0.195652,0.125746,0.080989,0.057971,0.049446,0.038363,0.027707,0.023444,0.024297
GAAC 0.450872,0.235996,0.105601,0.069789,0.038567,0.034894,0.018365,0.022957,0.012856,0.010101
CCAG 0.375556,0.260000,0.102222,0.077778,0.057778,0.048889,0.024444,0.017778,0.016667,0.018889
CGGA 0.418283,0.191136,0.124654,0.066482,0.055402,0.036011,0.033241,0.016620,0.027701,0.030471
GATA 0.465455,0.185455,0.116364,0.058182,0.040000,0.036364,0.018182,0.021818,0.018182,0.040000
TCGA 0.494118,0.211765,0.105882,0.070588,0.035294,0.019608,0.015686,0.011765,0.015686,0.019608
AAGA 0.385132,0.211031,0.129976,0.084892,0.056595,0.035971,0.036930,0.026859,0.015827,0.016787
CCCA 0.554531,0.190476,0.089094,0.055300,0.029186,0.024578,0.019969,0.010753,0.010753,0.015361
TCTT 0.387949,0.218288,0.124736,0.076110,0.061839,0.041226,0.024313,0.023784,0.024841,0.016913
CGTT 0.385017,0.249129,0.111498,0.085366,0.045296,0.043554,0.026132,0.020906,0.019164,0.013937
CGGC 0.463303,0.165138,0.137615,0.077982,0.036697,0.018349,0.027523,0.032110,0.032110,0.009174
CTGT 0.446953,0.223476,0.135440,0.060948,0.040632,0.036117,0.020316,0.011287,0.009029,0.015801
TCGC 0.400000,0.242353,0.110588,0.087059,0.063529,0.025882,0.016471,0.016471,0.023529,0.014118
AATT 0.434783,0.173913,0.152174,0.079710,0.057971,0.028986,0.028986,0.014493,0.014493,0.014493
GATC 0.408163,0.285714,0.115646,0.061225,0.027211,0.034014,0.020408,0.020408,0.020408,0.006803
AAGC 0.319048,0.290476,0.171429,0.071429,0.047619,0.023810,0.019048,0.014286,0.023810,0.019048
CCCC 0.365989,0.219963,0.114603,0.090573,0.057301,0.042514,0.038817,0.034196,0.021257,0.014787
CCTG 0.501160,0.190255,0.095128,0.058005,0.045244,0.031323,0.019722,0.026682,0.010441,0.022042
GAAG 0.407918,0.205961,0.129893,0.080516,0.056050,0.037366,0.027580,0.024021,0.020463,0.010231
ATAA 0.485232,0.202532,0.084388,0.080169,0.037975,0.042194,0.021097,0.021097,0.004219,0.021097
GACA 0.528111,0.178802,0.100461,0.067281,0.044240,0.029493,0.018433,0.013825,0.009217,0.010138
TGGT 0.459740,0.202597,0.129870,0.072727,0.023377,0.054545,0.012987,0.015584,0.018182,0.010390
CGCT 0.442359,0.198391,0.142091,0.075067,0.056300,0.029491,0.016086,0.005362,0.016086,0.018767
TCCT 0.435697,0.206731,0.118389,0.073918,0.049279,0.036058,0.020433,0.021034,0.020433,0.018029
AACT 0.457934,0.207668,0.109691,0.066028,0.047923,0.041534,0.022364,0.020234,0.012780,0.013844
CGGG 0.360619,0.267699,0.123894,0.061947,0.039823,0.037611,0.033186,0.033186,0.019911,0.022124
GACC 0.423983,0.231263,0.117773,0.094218,0.055675,0.025696,0.021413,0.008565,0.008565,0.012848
GATG 0.421569,0.235294,0.104575,0.075163,0.049020,0.029412,0.039216,0.013072,0.019608,0.013072
TCGG 0.349206,0.215873,0.139683,0.107937,0.073016,0.031746,0.022222,0.031746,0.015873,0.012698
ATAC 0.508772,0.210526,0.114035,0.087719,0.017544,0.026316,0.017544,0.017544,0.000000,0.000000
AAGG 0.420772,0.202397,0.111851,0.082557,0.058589,0.049268,0.023968,0.025300,0.011984,0.013316
CCCG 0.450072,0.247467,0.108538,0.065123,0.037627,0.024602,0.023155,0.017366,0.017366,0.008683
ATTA 0.405797,0.241546,0.101449,0.086957,0.057971,0.043478,0.024155,0.024155,0.009662,0.004831
ATTC 0.405000,0.195000,0.115000,0.075000,0.075000,0.040000,0.035000,0.040000,0.015000,0.005000
ATAG 0.460938,0.207031,0.117188,0.082031,0.042969,0.039062,0.027344,0.011719,0.000000,0.011719
GACG 0.583333,0.183333,0.066667,0.033333,0.050000,0.000000,0.033333,0.016667,0.000000,0.033333
ATCA 0.486339,0.240437,0.087432,0.054645,0.049180,0.032787,0.021858,0.027322,0.000000,0.000000
CCAT 0.407862,0.223587,0.144963,0.085995,0.036855,0.034398,0.029484,0.017199,0.002457,0.017199
ATCC 0.438272,0.185185,0.092593,0.092593,0.061728,0.037037,0.024691,0.024691,0.037037,0.006173
ATTG 0.469388,0.214286,0.081633,0.051020,0.051020,0.000000,0.020408,0.030612,0.051020,0.030612
CCGA 0.520325,0.211382,0.108401,0.051491,0.018970,0.024390,0.021680,0.010840,0.024390,0.008130
CCTT 0.443098,0.200673,0.115825,0.089562,0.050505,0.033670,0.022222,0.016835,0.015488,0.012121
GAAT 0.468023,0.177326,0.116279,0.081395,0.049419,0.046512,0.020349,0.020349,0.011628,0.008721
CCGC 0.437500,0.206522,0.127717,0.078804,0.043478,0.029891,0.024456,0.010870,0.029891,0.010870
ATCG 0.475904,0.253012,0.084337,0.054217,0.036145,0.036145,0.030121,0.006024,0.012048,0.012048
GAGA 0.443570,0.248031,0.103675,0.060367,0.039370,0.032808,0.028215,0.017060,0.017060,0.009843
CGGT 0.432773,0.182073,0.137255,0.070028,0.065826,0.028011,0.021008,0.018207,0.023810,0.021008
TCGT 0.414498,0.211896,0.117100,0.074349,0.046468,0.037175,0.031599,0.027881,0.018587,0.020446
GATT 0.417910,0.223881,0.104478,0.119403,0.044776,0.059701,0.014925,0.000000,0.000000,0.014925
AAGT 0.463115,0.204918,0.135246,0.065574,0.032787,0.036885,0.024590,0.008197,0.012295,0.016393
CCCT 0.453461,0.192522,0.124105,0.083532,0.044550,0.028640,0.030231,0.021480,0.011933,0.009547
GAGC 0.338415,0.341463,0.125000,0.082317,0.045732,0.006098,0.003049,0.024390,0.018293,0.015244
AGAA 0.495902,0.208431,0.103044,0.055035,0.031030,0.027518,0.025761,0.014637,0.019906,0.018735
CCGG 0.448107,0.213675,0.105006,0.074481,0.036630,0.045177,0.029304,0.019536,0.014652,0.013431
GTAA 0.361257,0.240838,0.136126,0.078534,0.031414,0.010471,0.052356,0.031414,0.020942,0.036649
AGAC 0.447802,0.223901,0.092033,0.074176,0.064560,0.035714,0.021978,0.019231,0.005495,0.015110
GACT 0.429907,0.158879,0.149533,0.087227,0.071651,0.037383,0.018692,0.009346,0.015576,0.021807
ATAT 0.450000,0.235714,0.121429,0.071429,0.035714,0.007143,0.035714,0.028571,0.000000,0.014286
GTAC 0.303030,0.318182,0.143939,0.060606,0.045455,0.030303,0.053030,0.022727,0.007576,0.015152
GAGG 0.410866,0.212224,0.126486,0.079796,0.053481,0.030560,0.027165,0.024618,0.017827,0.016978
GTTA 0.454545,0.206612,0.099174,0.044077,0.049587,0.041322,0.033058,0.024793,0.019284,0.027548
AGTA 0.481928,0.222892,0.078313,0.060241,0.036145,0.024096,0.036145,0.018072,0.024096,0.018072
ATGA 0.504425,0.199115,0.103982,0.050885,0.039823,0.022124,0.033186,0.017699,0.011062,0.017699
AGTC 0.394495,0.211009,0.128440,0.114679,0.059633,0.032110,0.018349,0.022936,0.004587,0.013761
ATTT 0.405028,0.177374,0.145251,0.078212,0.061453,0.037709,0.036313,0.027933,0.011173,0.019553
GTTC 0.349813,0.267724,0.138993,0.070896,0.052239,0.026119,0.031716,0.025187,0.020522,0.016791
AGAG 0.436538,0.209615,0.108654,0.066346,0.045192,0.045192,0.025961,0.033654,0.020192,0.008654
ATGC 0.450820,0.188525,0.122951,0.073771,0.073771,0.016393,0.040984,0.008197,0.008197,0.016393
GTAG 0.415730,0.247191,0.112360,0.086142,0.033708,0.022472,0.029962,0.018727,0.018727,0.014981
AGCA 0.533477,0.172786,0.103672,0.051836,0.034557,0.043196,0.015119,0.015119,0.012959,0.017279
GTCA 0.463964,0.225225,0.067568,0.090090,0.045045,0.018018,0.049550,0.009009,0.022523,0.009009
AGCC 0.317919,0.236994,0.150289,0.080925,0.057804,0.040462,0.017341,0.046243,0.040462,0.011561
AGTG 0.446429,0.216270,0.113095,0.081349,0.041667,0.027778,0.015873,0.027778,0.015873,0.013889
GTTG 0.434211,0.241228,0.107456,0.061403,0.046053,0.028509,0.037281,0.021930,0.013158,0.008772
ATCT 0.483186,0.189381,0.111504,0.063717,0.061947,0.031858,0.021239,0.021239,0.005310,0.010620
GTCC 0.335917,0.268734,0.134367,0.087855,0.069767,0.036176,0.028424,0.023256,0.010336,0.005168
ATGG 0.448454,0.144330,0.118557,0.118557,0.041237,0.051546,0.025773,0.025773,0.015464,0.010309
CCGT 0.376866,0.248134,0.149254,0.085821,0.042910,0.027985,0.016791,0.027985,0.011194,0.013060
AGCG 0.502183,0.205240,0.104803,0.056769,0.048035,0.021834,0.017467,0.013100,0.021834,0.008734
GTCG 0.390164,0.245902,0.075410,0.095082,0.062295,0.026229,0.036066,0.032787,0.022951,0.013115
ACAA 0.486842,0.164474,0.125000,0.085526,0.026316,0.032895,0.039474,0.026316,0.006579,0.006579
GAGT 0.464832,0.171254,0.128440,0.070336,0.051988,0.015291,0.045872,0.018349,0.012232,0.021407
ACAC 0.413539,0.243968,0.112601,0.074397,0.050268,0.034182,0.022788,0.016086,0.016756,0.015416
GGAA 0.455892,0.211448,0.112458,0.069360,0.038384,0.035017,0.028283,0.022222,0.013468,0.013468
ACTA 0.529114,0.210127,0.093671,0.040506,0.037975,0.017722,0.020253,0.012658,0.012658,0.025316
AGAT 0.420546,0.191011,0.139647,0.080257,0.056180,0.038523,0.032103,0.022472,0.009631,0.009631
GGAC 0.453416,0.220497,0.127329,0.037267,0.031056,0.043478,0.040373,0.009317,0.024845,0.012422
GTAT 0.423077,0.307692,0.076923,0.025641,0.064103,0.038462,0.025641,0.038462,0.000000,0.000000
ACTC 0.476562,0.221354,0.111979,0.059896,0.028646,0.036458,0.010417,0.026042,0.015625,0.013021
GGTA 0.571429,0.184332,0.087558,0.050691,0.032258,0.027650,0.023041,0.004608,0.004608,0.013825
AGGA 0.429739,0.203373,0.123148,0.072049,0.059274,0.038324,0.025038,0.021461,0.016352,0.011242
ACAG 0.376923,0.251282,0.135897,0.074359,0.033333,0.043590,0.033333,0.012821,0.020513,0.017949
GTGA 0.457143,0.228571,0.071429,0.085714,0.019048,0.071429,0.004762,0.023810,0.023810,0.014286
ACCA 0.565158,0.200274,0.068587,0.052126,0.031550,0.028807,0.015089,0.021948,0.012346,0.004115
AGTT 0.414374,0.214729,0.118012,0.086069,0.054126,0.036380,0.023070,0.022183,0.016859,0.014197
GGTC 0.462604,0.204986,0.102493,0.077562,0.052632,0.033241,0.019391,0.027701,0.008310,0.011080
GTTT 0.380137,0.229880,0.135702,0.077483,0.057791,0.033390,0.034247,0.019692,0.021404,0.010274
AGGC 0.335196,0.212291,0.217877,0.061453,0.044693,0.033520,0.022346,0.022346,0.027933,0.022346
GGAG 0.376847,0.246305,0.119048,0.087849,0.060755,0.033662,0.026273,0.020525,0.013136,0.015599
GTGC 0.338129,0.280576,0.122302,0.079137,0.043166,0.028777,0.043166,0.025180,0.028777,0.010791
ATGT 0.564103,0.217949,0.076923,0.064103,0.038462,0.012821,0.000000,0.012821,0.000000,0.012821
ACTG 0.534562,0.165899,0.092166,0.050691,0.046083,0.052995,0.013825,0.011521,0.023041,0.009217
ACCC 0.442211,0.225126,0.113568,0.065327,0.049246,0.031156,0.021105,0.023116,0.019096,0.010050
GGCA 0.525126,0.183417,0.095477,0.057789,0.035176,0.037688,0.017588,0.015075,0.012563,0.020101
AGCT 0.398917,0.201264,0.120939,0.087545,0.054152,0.043321,0.035199,0.027978,0.021661,0.009025
GGTG 0.443575,0.244693,0.110615,0.064246,0.036872,0.034078,0.024581,0.017318,0.013408,0.010615
GTCT 0.462037,0.203704,0.116667,0.071296,0.052778,0.037037,0.021296,0.019444,0.009259,0.006481
GGCC 0.356164,0.287671,0.136986,0.027397,0.109589,0.027397,0.013699,0.013699,0.013699,0.013699
AGGG 0.375000,0.190407,0.125000,0.103198,0.047965,0.058139,0.036337,0.023256,0.023256,0.017442
GTGG 0.431655,0.230216,0.122302,0.043166,0.050360,0.028777,0.035971,0.035971,0.014389,0.007194
ACCG 0.490489,0.173913,0.108696,0.061141,0.046196,0.031250,0.032609,0.021739,0.020380,0.013587
TAAA 0.412048,0.216867,0.122892,0.084337,0.055422,0.043374,0.031325,0.019277,0.009639,0.004819
GGCG 0.289340,0.243655,0.192893,0.060914,0.060914,0.055838,0.020305,0.030457,0.020305,0.025381
TAAC 0.394309,0.229675,0.109756,0.089431,0.054878,0.044715,0.034553,0.018293,0.014228,0.010163
GCAA 0.314815,0.212963,0.157407,0.101852,0.046296,0.046296,0.055556,0.018519,0.018519,0.027778
TATA 0.575758,0.136364,0.045455,0.000000,0.136364,0.030303,0.030303,0.030303,0.015152,0.000000
GCAC 0.479129,0.252269,0.085300,0.061706,0.041742,0.018149,0.027223,0.007260,0.018149,0.009074
TATC 0.454023,0.212644,0.112069,0.051724,0.051724,0.031609,0.025862,0.031609,0.020115,0.008621
ACAT 0.416667,0.222222,0.180556,0.069444,0.027778,0.069444,0.013889,0.000000,0.000000,0.000000
GCTA 0.464286,0.242347,0.107143,0.061225,0.048469,0.025510,0.015306,0.017857,0.005102,0.012755
TAAG 0.477663,0.216495,0.120275,0.051546,0.048110,0.024055,0.020619,0.020619,0.010309,0.010309
ACGA 0.507500,0.205000,0.090000,0.075000,0.045000,0.020000,0.022500,0.020000,0.002500,0.012500
TACA 0.452941,0.176471,0.105882,0.129412,0.052941,0.011765,0.011765,0.029412,0.011765,0.017647
GGAT 0.435780,0.224771,0.146789,0.087156,0.032110,0.022936,0.013761,0.013761,0.018349,0.004587
ACTT 0.436242,0.208054,0.130872,0.077181,0.040268,0.036913,0.013423,0.023490,0.006711,0.026846
GCTC 0.369338,0.233449,0.146341,0.083624,0.055749,0.031359,0.024390,0.024390,0.020906,0.010453
ACGC 0.507937,0.238095,0.079365,0.047619,0.031746,0.047619,0.000000,0.015873,0.015873,0.015873
GCAG 0.481481,0.243386,0.121693,0.050265,0.031746,0.018519,0.015873,0.010582,0.007937,0.018519
GGGA 0.451049,0.185315,0.107517,0.058566,0.048951,0.043706,0.039336,0.023601,0.015734,0.026224
TACC 0.400826,0.221074,0.117769,0.072314,0.049587,0.030992,0.041322,0.010331,0.028926,0.026860
TATG 0.441441,0.171171,0.099099,0.063063,0.072072,0.036036,0.018018,0.036036,0.036036,0.027027
GCCA 0.546218,0.176471,0.079832,0.071429,0.033613,0.029412,0.021008,0.016807,0.012605,0.012605
GGTT 0.401046,0.232781,0.132520,0.063644,0.061901,0.029642,0.019180,0.031386,0.012206,0.015693
AGGT 0.425333,0.221333,0.110667,0.084000,0.045333,0.032000,0.020000,0.026667,0.017333,0.017333
GGGC 0.425170,0.197279,0.125850,0.078231,0.054422,0.034014,0.020408,0.034014,0.013605,0.017007
GTGT 0.410057,0.229763,0.126738,0.073181,0.050695,0.033115,0.026574,0.021668,0.016762,0.011447
ACCT 0.397135,0.233724,0.128255,0.070963,0.048828,0.041016,0.022135,0.024088,0.020833,0.013021
GCTG 0.462264,0.192453,0.100000,0.094340,0.050943,0.037736,0.015094,0.026415,0.015094,0.005660
GCCC 0.410431,0.215420,0.106576,0.086168,0.052154,0.036281,0.040816,0.018141,0.020408,0.013605
ACGG 0.379061,0.220217,0.093863,0.104693,0.072202,0.043321,0.036101,0.025271,0.007220,0.018051
TACG 0.473214,0.200893,0.116071,0.058036,0.022321,0.062500,0.008929,0.013393,0.022321,0.022321
GGCT 0.443902,0.239024,0.112195,0.078049,0.053658,0.029268,0.000000,0.014634,0.019512,0.009756
CAAA 0.362245,0.168367,0.153061,0.096939,0.025510,0.081633,0.040816,0.040816,0.030612,0.000000
GGGG 0.388112,0.181818,0.181818,0.066434,0.052448,0.047203,0.031469,0.024476,0.017483,0.008741
GCCG 0.516729,0.197026,0.089219,0.074349,0.040892,0.029740,0.014870,0.011152,0.011152,0.014870
CAAC 0.462617,0.158879,0.116822,0.079439,0.051402,0.032710,0.060748,0.018692,0.014019,0.004673
CATA 0.513514,0.216216,0.108108,0.054054,0.036036,0.045045,0.000000,0.009009,0.000000,0.018018
TAAT 0.525926,0.144444,0.122222,0.062963,0.044444,0.018519,0.011111,0.037037,0.014815,0.018519
CATC 0.493548,0.196774,0.109677,0.070968,0.045161,0.035484,0.016129,0.003226,0.025806,0.003226
CAAG 0.502451,0.210784,0.083333,0.056372,0.044118,0.029412,0.012255,0.029412,0.019608,0.012255
TAGA 0.503145,0.201258,0.113208,0.071279,0.044025,0.020964,0.014675,0.012579,0.004193,0.014675
CACA 0.555172,0.200000,0.075862,0.058621,0.027586,0.020690,0.017241,0.017241,0.013793,0.013793
GCAT 0.324675,0.220779,0.142857,0.142857,0.051948,0.012987,0.038961,0.025974,0.025974,0.012987
TATT 0.472131,0.229508,0.072131,0.075410,0.045902,0.029508,0.019672,0.032787,0.003279,0.019672
TAGC 0.418327,0.191235,0.113546,0.093626,0.055777,0.049801,0.029881,0.023904,0.013944,0.009960
CACC 0.449799,0.219378,0.118976,0.072289,0.042671,0.034137,0.021084,0.018574,0.014056,0.009036
CATG 0.503759,0.187970,0.112782,0.052632,0.037594,0.015038,0.030075,0.015038,0.030075,0.015038
GCGA 0.462151,0.195219,0.107570,0.067729,0.055777,0.047809,0.019920,0.015936,0.015936,0.011952
TTAA 0.509333,0.205333,0.088000,0.064000,0.040000,0.024000,0.021333,0.013333,0.016000,0.018667
GCTT 0.401070,0.219251,0.160428,0.069519,0.042781,0.037433,0.021390,0.010695,0.016043,0.021390
TTAC 0.410088,0.250000,0.111842,0.089912,0.041667,0.030702,0.026316,0.021930,0.010965,0.006579
ACGT 0.452514,0.150838,0.117318,0.089386,0.067039,0.033520,0.022346,0.022346,0.016760,0.027933
GCGC 0.380000,0.255000,0.105000,0.080000,0.050000,0.045000,0.035000,0.020000,0.020000,0.010000
TACT 0.465649,0.217557,0.103053,0.083970,0.053435,0.015267,0.026718,0.022901,0.007634,0.003817
TAGG 0.457895,0.207895,0.110526,0.065790,0.050000,0.034210,0.018421,0.021053,0.013158,0.021053
TTTA 0.540636,0.200236,0.093051,0.048292,0.045936,0.021201,0.020024,0.011779,0.008245,0.010601
CACG 0.533557,0.191275,0.073826,0.060403,0.043624,0.016778,0.030201,0.016778,0.006711,0.026846
GGGT 0.456647,0.200385,0.119461,0.077071,0.055877,0.026975,0.019268,0.015414,0.013487,0.015414
GCCT 0.418283,0.224377,0.146814,0.063712,0.030471,0.041551,0.030471,0.011080,0.016620,0.016620
TTTC 0.424837,0.220479,0.117211,0.074074,0.051852,0.035294,0.030501,0.016558,0.014815,0.014379
TTAG 0.397284,0.235993,0.135823,0.074703,0.052632,0.022071,0.032258,0.022071,0.013582,0.013582
GCGG 0.393103,0.224138,0.144828,0.065517,0.058621,0.024138,0.041379,0.017241,0.017241,0.013793
TTCA 0.530303,0.210101,0.083838,0.052525,0.035354,0.030303,0.014141,0.024242,0.013131,0.006061
TTTG 0.446078,0.242647,0.085784,0.071078,0.046569,0.031863,0.031863,0.014706,0.017157,0.012255
TTCC 0.397813,0.199472,0.136124,0.082202,0.061463,0.040724,0.028281,0.023756,0.015460,0.014706
CAAT 0.485714,0.161905,0.114286,0.114286,0.028571,0.028571,0.028571,0.009524,0.028571,0.000000
CAGA 0.492308,0.219780,0.087912,0.063736,0.043956,0.037363,0.026374,0.013187,0.008791,0.006593
TTCG 0.447034,0.182203,0.129237,0.069915,0.042373,0.040254,0.048729,0.021186,0.004237,0.014830
CATT 0.404206,0.242991,0.093458,0.088785,0.056075,0.044393,0.030374,0.011682,0.021028,0.007009
CAGC 0.435673,0.216374,0.149123,0.064327,0.046784,0.020468,0.026316,0.011696,0.011696,0.017544
CTAA 0.496815,0.238854,0.076433,0.057325,0.050955,0.031847,0.015924,0.012739,0.015924,0.003185
TAGT 0.396226,0.209906,0.110849,0.132075,0.042453,0.037736,0.018868,0.028302,0.016509,0.007075
CTAC 0.397403,0.189610,0.135065,0.090909,0.072727,0.036364,0.015584,0.031169,0.012987,0.018182
TGAA 0.419725,0.236239,0.091743,0.094037,0.048165,0.027523,0.032110,0.020642,0.016055,0.013761
CACT 0.436667,0.218333,0.120000,0.071667,0.051667,0.038333,0.016667,0.020000,0.011667,0.015000
CAGG 0.433934,0.223724,0.132132,0.081081,0.046546,0.028528,0.016516,0.019519,0.009009,0.009009
CTTA 0.527972,0.188811,0.090909,0.052448,0.045455,0.017483,0.017483,0.031469,0.017483,0.010490
TGAC 0.416667,0.189815,0.152778,0.092593,0.027778,0.032407,0.027778,0.037037,0.009259,0.013889
GCGT 0.393443,0.278689,0.147541,0.016393,0.016393,0.032787,0.032787,0.000000,0.065574,0.016393
TTAT 0.523985,0.169742,0.110701,0.051660,0.046125,0.044280,0.020295,0.018450,0.003690,0.011070
CTTC 0.352385,0.197570,0.125113,0.104860,0.059856,0.047705,0.033303,0.029703,0.027903,0.021602
TGTA 0.618321,0.213740,0.068702,0.038168,0.007634,0.007634,0.015267,0.000000,0.015267,0.015267
AVG 0.444310,0.213854,0.115136,0.072206,0.047039,0.032973,0.024907,0.019954,0.015756,0.013867
