CTGT 0.105499 0.814496 0.080005 0.000000
CTCT 0.144014 0.716732 0.139254 0.000000
ACAC 0.186492 0.000000 0.418282 0.395226
GGCC 0.554451 0.000000 0.252909 0.192640
GGGC 0.387039 0.000000 0.388729 0.224232
AGTG 0.340614 0.517056 0.000000 0.142330
ATGG 0.703235 0.164442 0.000000 0.132323
CGAC 0.393152 0.000000 0.324577 0.282271
ACTA 0.000000 0.585376 0.342220 0.072404
GGTT 0.325911 0.488912 0.185176 0.000000
GTGT 0.202500 0.702117 0.095382 0.000000
GTCT 0.534552 0.310745 0.154703 0.000000
CCTG 0.252597 0.650462 0.000000 0.096941
TAAC 0.160635 0.000000 0.465426 0.373939
ATTG 0.227481 0.589311 0.000000 0.183208
TTTC 0.228173 0.000000 0.397080 0.374747
CTAC 0.358124 0.000000 0.275213 0.366663
TGAG 0.501936 0.245643 0.000000 0.252420
ACCC 0.448864 0.000000 0.274193 0.276943
ACGC 0.328852 0.000000 0.226487 0.444661
GGAC 0.419571 0.000000 0.301392 0.279038
TATA 0.000000 0.441404 0.462651 0.095945
CGCC 0.470981 0.000000 0.360604 0.168415
CGGC 0.279256 0.000000 0.379377 0.341367
CTTA 0.000000 0.547363 0.322950 0.129687
ACTT 0.168447 0.558475 0.273078 0.000000
AACG 0.851410 0.116428 0.000000 0.032163
GTAC 0.231359 0.000000 0.184254 0.584387
TACC 0.239323 0.000000 0.240269 0.520408
TAGC 0.170305 0.000000 0.238752 0.590943
CGTC 0.430097 0.000000 0.438866 0.131037
GAAA 0.000000 0.274990 0.575657 0.149353
CTGC 0.293991 0.000000 0.168479 0.537529
CTCC 0.317606 0.000000 0.317350 0.365044
TGCG 0.806151 0.107394 0.000000 0.086456
TGGG 0.609608 0.197010 0.000000 0.193383
CAAT 0.451082 0.362982 0.185936 0.000000
TATT 0.114683 0.697939 0.187378 0.000000
GTTA 0.000000 0.461441 0.373864 0.164695
CAGA 0.000000 0.110470 0.785517 0.104013
CACA 0.000000 0.266972 0.712133 0.020895
TCCA 0.000000 0.292206 0.655673 0.052121
TCGA 0.000000 0.182951 0.652120 0.164928
TCAT 0.203999 0.330644 0.465357 0.000000
CTTT 0.136590 0.603801 0.259609 0.000000
AAAG 0.521233 0.323258 0.000000 0.155509
GGTC 0.632491 0.000000 0.166623 0.200886
GTGC 0.487962 0.000000 0.072218 0.439820
GTCC 0.453524 0.000000 0.304495 0.241981
GAAT 0.439809 0.291348 0.268842 0.000000
GAGA 0.000000 0.350355 0.503772 0.145873
GACA 0.000000 0.170799 0.782804 0.046397
CACT 0.169386 0.588442 0.242173 0.000000
CAGT 0.187934 0.295229 0.516838 0.000000
CAAA 0.000000 0.259964 0.632555 0.107481
GTTT 0.221857 0.559242 0.218902 0.000000
TCGT 0.318116 0.252652 0.429231 0.000000
TCCT 0.117605 0.833307 0.049088 0.000000
TCAA 0.000000 0.161942 0.771994 0.066064
ACTC 0.255025 0.000000 0.528741 0.216233
AAGG 0.698852 0.117145 0.000000 0.184003
TTAG 0.537533 0.301397 0.000000 0.161069
GAGT 0.306063 0.379671 0.314265 0.000000
GACT 0.242851 0.597999 0.159149 0.000000
AATG 0.461099 0.479117 0.000000 0.059784
TATC 0.234526 0.000000 0.498493 0.266981
CTTC 0.186363 0.000000 0.333087 0.480550
TGTG 0.362507 0.529732 0.000000 0.107760
TTGG 0.615942 0.219350 0.000000 0.164709
CATA 0.000000 0.492824 0.377207 0.129969
TTCG 0.841324 0.067627 0.000000 0.091049
TCTA 0.000000 0.539668 0.325754 0.134578
GAAC 0.385940 0.000000 0.414421 0.199640
GTTC 0.353058 0.000000 0.393878 0.253064
CAGC 0.273929 0.000000 0.303906 0.422165
CACC 0.417160 0.000000 0.277942 0.304899
TCGC 0.360476 0.000000 0.386780 0.252744
TCCC 0.333201 0.000000 0.164754 0.502045
GATA 0.000000 0.325754 0.623576 0.050670
CATT 0.219061 0.519042 0.261897 0.000000
TCTT 0.140830 0.726091 0.133079 0.000000
GAGC 0.355817 0.000000 0.239411 0.404772
GACC 0.399818 0.000000 0.238790 0.361393
CAAC 0.276368 0.000000 0.457844 0.265788
ACAG 0.663674 0.229644 0.000000 0.106681
GGCG 0.930994 0.055132 0.000000 0.013875
GGGG 0.725806 0.109104 0.000000 0.165089
AGAA 0.000000 0.101665 0.850002 0.048333
GATT 0.236129 0.545960 0.217911 0.000000
TCAC 0.186580 0.000000 0.522369 0.291051
CGAG 0.591124 0.254682 0.000000 0.154194
GCCA 0.000000 0.253465 0.713875 0.032660
CCAA 0.000000 0.134075 0.792033 0.073892
TAAG 0.359251 0.437394 0.000000 0.203355
TTTG 0.332305 0.564730 0.000000 0.102965
CTAG 0.613744 0.265648 0.000000 0.120608
ACCG 0.780588 0.157859 0.000000 0.061553
ACGG 0.541549 0.188413 0.000000 0.270038
GGAG 0.856959 0.080778 0.000000 0.062263
AGGA 0.000000 0.040668 0.895400 0.063932
AGCA 0.000000 0.178165 0.791038 0.030797
AGAT 0.308891 0.338580 0.352529 0.000000
CGCG 0.772416 0.206193 0.000000 0.021392
CGGG 0.594622 0.148241 0.000000 0.257137
GCCT 0.200719 0.667864 0.131417 0.000000
GCAA 0.000000 0.089645 0.820387 0.089968
CATC 0.244302 0.000000 0.401640 0.354058
CCGA 0.000000 0.228669 0.662219 0.109112
CCCA 0.000000 0.223915 0.722748 0.053337
CCAT 0.272830 0.256423 0.470747 0.000000
GTAG 0.598134 0.307273 0.000000 0.094593
TCTC 0.338160 0.000000 0.376398 0.285442
TAGG 0.460590 0.268109 0.000000 0.271301
TACG 0.758087 0.163685 0.000000 0.078229
ATCA 0.000000 0.098940 0.857673 0.043387
CGTG 0.383160 0.481777 0.000000 0.135063
CTGG 0.671906 0.204636 0.000000 0.123458
CTCG 0.811503 0.096044 0.000000 0.092453
AGGT 0.282483 0.233518 0.483999 0.000000
AGCT 0.304932 0.566011 0.129056 0.000000
GATC 0.437941 0.000000 0.388703 0.173356
GCAT 0.293317 0.433453 0.273230 0.000000
GCGA 0.000000 0.164763 0.761930 0.073307
GGTG 0.527868 0.323024 0.000000 0.149107
CCGT 0.327518 0.322534 0.349948 0.000000
CCCT 0.115297 0.782364 0.102339 0.000000
GTCG 0.859720 0.063118 0.000000 0.077161
GTGG 0.720956 0.198322 0.000000 0.080722
ATCT 0.247156 0.512594 0.240250 0.000000
ATAA 0.000000 0.250796 0.662129 0.087075
GCTA 0.000000 0.440909 0.423525 0.135566
CCTT 0.189365 0.593026 0.217609 0.000000
AGAC 0.349498 0.000000 0.373535 0.276967
GCGT 0.363943 0.420916 0.215142 0.000000
GCCC 0.568536 0.000000 0.221250 0.210215
ACTG 0.321069 0.553852 0.000000 0.125080
AGTA 0.000000 0.514197 0.304174 0.181629
CCAC 0.284211 0.000000 0.387137 0.328653
ATAT 0.167329 0.556278 0.276393 0.000000
ATGA 0.000000 0.187914 0.741620 0.070466
GCTT 0.192554 0.575519 0.231928 0.000000
CCTA 0.000000 0.686563 0.188942 0.124496
TATG 0.357350 0.548797 0.000000 0.093853
AGGC 0.314702 0.000000 0.408277 0.277021
AGCC 0.402646 0.000000 0.315407 0.281947
ATTA 0.000000 0.423184 0.436825 0.139991
TCAG 0.635955 0.172268 0.000000 0.191778
CTTG 0.300262 0.564096 0.000000 0.135643
GCAC 0.255035 0.000000 0.504524 0.240441
TGAA 0.000000 0.175196 0.645919 0.178885
AGTT 0.179566 0.663407 0.157027 0.000000
CCGC 0.540228 0.000000 0.185272 0.274500
CCCC 0.423410 0.000000 0.193513 0.383076
ATGT 0.162585 0.537542 0.299873 0.000000
ATCC 0.265304 0.000000 0.439730 0.294965
GAAG 0.877395 0.077968 0.000000 0.044636
AACA 0.000000 0.173150 0.781250 0.045600
CAGG 0.367820 0.254299 0.000000 0.377881
GTTG 0.398919 0.434239 0.000000 0.166842
CACG 0.761541 0.169449 0.000000 0.069010
ATTT 0.144512 0.583564 0.271924 0.000000
TCCG 0.747558 0.181171 0.000000 0.071271
TCGG 0.706288 0.067317 0.000000 0.226395
GCGC 0.658504 0.000000 0.143575 0.197921
TGCA 0.000000 0.372541 0.558654 0.068805
TGGA 0.000000 0.124905 0.774212 0.100882
TGAT 0.364398 0.299171 0.336431 0.000000
ATAC 0.247392 0.000000 0.281316 0.471291
GCTC 0.245936 0.000000 0.383992 0.370072
GAGG 0.712659 0.092389 0.000000 0.194952
GACG 0.843809 0.133735 0.000000 0.022456
AAAA 0.000000 0.260866 0.679856 0.059279
AACT 0.119699 0.693758 0.186542 0.000000
CAAG 0.730297 0.162356 0.000000 0.107347
TGGT 0.281721 0.392629 0.325650 0.000000
TGCT 0.410258 0.468852 0.120890 0.000000
AGTC 0.269939 0.000000 0.392889 0.337172
ATGC 0.345465 0.000000 0.139672 0.514863
AAGA 0.000000 0.101952 0.876299 0.021749
AAAT 0.264062 0.462786 0.273153 0.000000
TTAA 0.000000 0.129744 0.807669 0.062587
CCTC 0.327981 0.000000 0.395422 0.276597
ATTC 0.165542 0.000000 0.404374 0.430084
AATA 0.000000 0.456270 0.493942 0.049788
TGAC 0.302470 0.000000 0.407353 0.290177
CATG 0.341669 0.540242 0.000000 0.118089
TCTG 0.365799 0.498969 0.000000 0.135233
TGTA 0.000000 0.435997 0.380872 0.183131
AAGT 0.170667 0.638167 0.191166 0.000000
TTCA 0.000000 0.112090 0.851752 0.036158
TTAT 0.061192 0.738927 0.199881 0.000000
TTGA 0.000000 0.262750 0.633639 0.103611
AACC 0.386863 0.000000 0.249847 0.363289
GATG 0.473059 0.410325 0.000000 0.116616
AATT 0.190747 0.498748 0.310505 0.000000
TGCC 0.543095 0.000000 0.138693 0.318212
TGGC 0.293932 0.000000 0.343953 0.362115
TGTT 0.269892 0.504891 0.225217 0.000000
TTGT 0.135907 0.668770 0.195323 0.000000
TTCT 0.165685 0.744369 0.089946 0.000000
AAAC 0.271240 0.000000 0.290945 0.437815
AGAG 0.790496 0.104328 0.000000 0.105175
GCCG 0.823006 0.130445 0.000000 0.046549
ACAA 0.000000 0.128465 0.788617 0.082919
GGGA 0.000000 0.054495 0.889309 0.056195
GGCA 0.000000 0.128420 0.840735 0.030844
CCAG 0.620205 0.154947 0.000000 0.224848
CGAA 0.000000 0.174484 0.693098 0.132418
AAGC 0.254205 0.000000 0.395370 0.350425
TTAC 0.250911 0.000000 0.395625 0.353465
TAAA 0.000000 0.269121 0.543175 0.187704
AGGG 0.670385 0.108638 0.000000 0.220977
AGCG 0.860320 0.113079 0.000000 0.026601
AATC 0.278738 0.000000 0.429481 0.291781
CTAA 0.000000 0.206735 0.728168 0.065097
TTTA 0.000000 0.435905 0.485007 0.079088
GCAG 0.734137 0.176225 0.000000 0.089638
ACAT 0.150111 0.340662 0.509227 0.000000
ACGA 0.000000 0.239537 0.702918 0.057544
ACCA 0.000000 0.263671 0.710229 0.026100
GGGT 0.420416 0.256733 0.322852 0.000000
GGAA 0.000000 0.106504 0.824136 0.069360
GGCT 0.360817 0.476310 0.162873 0.000000
CCGG 0.573973 0.136563 0.000000 0.289464
CCCG 0.830226 0.093043 0.000000 0.076731
CGAT 0.396962 0.374202 0.228836 0.000000
CGGA 0.000000 0.106737 0.851288 0.041975
CGCA 0.000000 0.271051 0.654605 0.074344
ATCG 0.862716 0.078894 0.000000 0.058390
TGTC 0.341559 0.000000 0.474742 0.183698
TTGC 0.255009 0.000000 0.130641 0.614350
TTCC 0.287822 0.000000 0.212213 0.499965
TAAT 0.192857 0.389583 0.417560 0.000000
TAGA 0.000000 0.256522 0.598300 0.145178
TACA 0.000000 0.211330 0.738209 0.050461
GTAA 0.000000 0.126891 0.721092 0.152017
CGTA 0.000000 0.445955 0.389950 0.164095
TTTT 0.117578 0.521070 0.361352 0.000000
CTAT 0.063235 0.788831 0.147934 0.000000
CTGA 0.000000 0.316978 0.579680 0.103342
CTCA 0.000000 0.160002 0.774753 0.065245
GCGG 0.774865 0.104215 0.000000 0.120920
ACGT 0.249932 0.420010 0.330058 0.000000
ACCT 0.194727 0.569641 0.235632 0.000000
GGAT 0.484908 0.203454 0.311637 0.000000
CGCT 0.424456 0.468020 0.107524 0.000000
CGGT 0.323217 0.221688 0.455095 0.000000
ATAG 0.692498 0.249981 0.000000 0.057521
GCTG 0.445677 0.426585 0.000000 0.127738
GGTA 0.000000 0.240130 0.599468 0.160402
TACT 0.241921 0.566126 0.191953 0.000000
GTAT 0.120815 0.736029 0.143156 0.000000
GTGA 0.000000 0.152426 0.760811 0.086763
GTCA 0.000000 0.054004 0.902673 0.043323
TAGT 0.161526 0.475552 0.362922 0.000000
CGTT 0.326263 0.496183 0.177554 0.000000
